50
55
65
76
80
91
185
206
53
223
227
233
2523
243
2524
254
265
268
272
274
293
301
303
305
317
331
365
367
372
376
377
382
385
387
431
201
239
466
468
471
474
477
483
494
501
1552
523
527
528
530
539
557
561
564
575
576
580
587
2551
598
602
612
634
86
674
683
687
672
698
750
721
2552
2555
781
782
799
800
824
825
827
758
832
834
838
446
840
1649
2575
1624
2549
852
854
856
858
860
862
863
885
886
895
406
904
906
908
910
868
918
944
902
947
953
956
792
965
971
977
983
986
968
992
2577
2582
961
1009
2580
2556
2564
1004
1011
1012
2598
454
313
1021
1051
2587
2527
1054
999
2532
1062
518
1090
723
522
762
1672
546
1094
1091
421
1100
1104
1105
1107
1108
2602
1109
1110
1111
1115
1116
1120
1123
307
309
3014
275
315
1145
1149
1156
1174
1182
2568
2588
2585
2592
2597
2600
2618
2560
1668
1188
1058
1191
1147
295
297
299
565
567
841
389
1192
1193
1202
1213
1139
1113
665
1226
499
1233
1237
1231
2885
2959
2987
2797
3041
497
1245
413
1248
3069
1258
1267
1290
1296
1298
2530
2642
1317
1330
1334
2571
2646
2671
2545
645
775
1344
1346
1358
2562
2590
2591
2622
2638
2640
2644
2669
2543
1359
1361
1365
1285
1278
1304
1374
1260
1370
1380
2553
2685
2593
2604
2606
2630
2633
2657
2675
2681
2684
2636
1332
1098
1389
2596
1454
1235
558
569
912
2635
2699
2702
2703
2704
1460
1465
1466
1472
1515
1522
1463
1102
525
87
311
846
89
1386
391
1456
1246
2503
1541
2137
2144
2595
584
